0.01, -0.023, 0.014
0.1, 0.23, 0.14
0.01, -0.023, 0.014
0.1, 0.23, 0.14
0.10857049106445787
0.09598156058568239
0.033160543493184105, 0.05886548321393173, 0.10857049106445787, 0.029129093247847345, 0.1038438182948913, 0.11869497976423331, 0.03145874540798752, 0.003111505719486005, 0.11090630454201134, 0.04450145311964488
0.09598156058568239, 0.07554467855898742, 0.052674870018575466, 0.09971975857208336, 0.0037500553724149066, 0.05583146443688414, 0.10272436717304308, 0.016218429227841533, 0.09622410450988278, 0.017843993325055704
0.033160543493184105, 0.05886548321393173, 0.10857049106445787, 0.029129093247847345, 0.1038438182948913, 0.11869497976423331, 0.03145874540798752, 0.003111505719486005, 0.11090630454201134, 0.04450145311964488,0.008406807492971388, 0.0756054949109211, 0.08257984551266057, 0.02250767325025671, 0.10066837029178355, 0.08232869998951588, 0.04431907059039687, 0.09481308839906664, 0.031848127897575976, 0.11363227568200839
0.09598156058568239, 0.07554467855898742, 0.052674870018575466, 0.09971975857208336, 0.0037500553724149066, 0.05583146443688414, 0.10272436717304308, 0.016218429227841533, 0.09622410450988278, 0.017843993325055704,0.06262639965890647, 0.03724742479732059, 0.08305516701359572, 0.05419525443078432, 0.008498963491480648, 0.08780436880337175, 0.11933657268730048, 0.0836248955811305, 0.05260656741817343, 0.022330900087333592
0.033160543493184105, 0.05886548321393173, 0.10857049106445787, 0.029129093247847345, 0.1038438182948913, 0.11869497976423331, 0.03145874540798752, 0.003111505719486005, 0.11090630454201134, 0.04450145311964488,0.008406807492971388, 0.0756054949109211, 0.08257984551266057, 0.02250767325025671, 0.10066837029178355, 0.08232869998951588, 0.04431907059039687, 0.09481308839906664, 0.031848127897575976, 0.11363227568200839,0.045822002515842494, 0.042174472951022945, 0.1000848982777846, 0.03711997094544556, 0.09173314136661234, 0.10314380010483738, 0.1142306650140514, 0.08339522296799545, 0.017686038729698338, 0.05935862267070708
0.09598156058568239, 0.07554467855898742, 0.052674870018575466, 0.09971975857208336, 0.0037500553724149066, 0.05583146443688414, 0.10272436717304308, 0.016218429227841533, 0.09622410450988278, 0.017843993325055704,0.06262639965890647, 0.03724742479732059, 0.08305516701359572, 0.05419525443078432, 0.008498963491480648, 0.08780436880337175, 0.11933657268730048, 0.0836248955811305, 0.05260656741817343, 0.022330900087333592,0.0853966400273002, 0.020680462236136874, 0.017810700014267454, 0.09628510991040855, 0.04768936632788054, 0.11549707742217348, 0.119897572767837, 0.001635583358730721, 0.0007909228636818132, 0.11300621200974732
0.033160543493184105, 0.05886548321393173, 0.10857049106445787, 0.029129093247847345, 0.1038438182948913, 0.11869497976423331, 0.03145874540798752, 0.003111505719486005, 0.11090630454201134, 0.04450145311964488,0.008406807492971388, 0.0756054949109211, 0.08257984551266057, 0.02250767325025671, 0.10066837029178355, 0.08232869998951588, 0.04431907059039687, 0.09481308839906664, 0.031848127897575976, 0.11363227568200839,0.045822002515842494, 0.042174472951022945, 0.1000848982777846, 0.03711997094544556, 0.09173314136661234, 0.10314380010483738, 0.1142306650140514, 0.08339522296799545, 0.017686038729698338, 0.05935862267070708,0.05929493896697497, 0.022055541254918286, 0.04376658102071655, 0.07411289350100514, 0.00782846332425582, 0.011053956250849612, 0.01239011806029925, 0.05091289057168364, 0.09566470592113868, 0.06955841033936483
0.09598156058568239, 0.07554467855898742, 0.052674870018575466, 0.09971975857208336, 0.0037500553724149066, 0.05583146443688414, 0.10272436717304308, 0.016218429227841533, 0.09622410450988278, 0.017843993325055704,0.06262639965890647, 0.03724742479732059, 0.08305516701359572, 0.05419525443078432, 0.008498963491480648, 0.08780436880337175, 0.11933657268730048, 0.0836248955811305, 0.05260656741817343, 0.022330900087333592,0.0853966400273002, 0.020680462236136874, 0.017810700014267454, 0.09628510991040855, 0.04768936632788054, 0.11549707742217348, 0.119897572767837, 0.001635583358730721, 0.0007909228636818132, 0.11300621200974732,0.0488534412831722, 0.03905327218926062, 0.10743847901540302, 0.057805335780796455, 0.11477964072185834, 0.03328816381819049, 0.03081698700812357, 0.11019053456783973, 0.07493706484490506, 0.10696543623500233
0.09166446827122605, 0.0356519533888305, 0.01623766247231617, 0.08489747178722395, 0.10069449822375916, 0.053322244745760326, 0.016959625209499122, 0.10203795173634454, 0.008392621397066397, 0.05185551742300379, 0.018719054022389638, 0.07206955623659553, 0.11146104952320784, 0.013756656623817948, 0.002713044731654741, 0.010814784153220831, 0.07656628476441216, 0.10567068643071546, 0.0022035539535530057, 0.11930732270860854
0.09166446827122605, 0.0356519533888305, 0.01623766247231617, 0.08489747178722395, 0.10069449822375916, 0.053322244745760326, 0.016959625209499122, 0.10203795173634454, 0.008392621397066397, 0.05185551742300379, 0.018719054022389638, 0.07206955623659553, 0.11146104952320784, 0.013756656623817948, 0.002713044731654741, 0.010814784153220831, 0.07656628476441216, 0.10567068643071546, 0.0022035539535530057, 0.11930732270860854
0.09166446827122605, 0.0356519533888305, 0.01623766247231617, 0.08489747178722395, 0.10069449822375916, 0.053322244745760326, 0.016959625209499122, 0.10203795173634454, 0.008392621397066397, 0.05185551742300379, 0.018719054022389638, 0.07206955623659553, 0.11146104952320784, 0.013756656623817948, 0.002713044731654741, 0.010814784153220831, 0.07656628476441216, 0.10567068643071546, 0.0022035539535530057, 0.11930732270860854
0.09166446827122605, 0.0356519533888305, 0.01623766247231617, 0.08489747178722395, 0.10069449822375916, 0.053322244745760326, 0.016959625209499122, 0.10203795173634454, 0.008392621397066397, 0.05185551742300379, 0.018719054022389638, 0.07206955623659553, 0.11146104952320784, 0.013756656623817948, 0.002713044731654741, 0.010814784153220831, 0.07656628476441216, 0.10567068643071546, 0.0022035539535530057, 0.11930732270860854
0.05492529732978562, 0.0978085492193252, 0.08847503079682276, 0.036868959492081216, 0.06752712549744552, 0.11229627313484654, 0.02452869119314448, 0.05851285911621705, 0.045964180406513885, 0.06390091113489922, 0.09372912839011319, 0.08841035910555722, 0.01021051644225441, 0.05380960989214798, 0.01696610228793946, 0.08133926380856225, 0.08242537391899425, 0.013919365650566617, 0.08348990183975816, 0.10182362498278362
0.05492529732978562, 0.0978085492193252, 0.08847503079682276, 0.036868959492081216, 0.06752712549744552, 0.11229627313484654, 0.02452869119314448, 0.05851285911621705, 0.045964180406513885, 0.06390091113489922, 0.09372912839011319, 0.08841035910555722, 0.01021051644225441, 0.05380960989214798, 0.01696610228793946, 0.08133926380856225, 0.08242537391899425, 0.013919365650566617, 0.08348990183975816, 0.10182362498278362
0.05492529732978562, 0.0978085492193252, 0.08847503079682276, 0.036868959492081216, 0.06752712549744552, 0.11229627313484654, 0.02452869119314448, 0.05851285911621705, 0.045964180406513885, 0.06390091113489922, 0.09372912839011319, 0.08841035910555722, 0.01021051644225441, 0.05380960989214798, 0.01696610228793946, 0.08133926380856225, 0.08242537391899425, 0.013919365650566617, 0.08348990183975816, 0.10182362498278362
0.09166446827122605, 0.0356519533888305, 0.01623766247231617, 0.08489747178722395, 0.10069449822375916, 0.053322244745760326, 0.016959625209499122, 0.10203795173634454, 0.008392621397066397, 0.05185551742300379, 0.018719054022389638, 0.07206955623659553, 0.11146104952320784, 0.013756656623817948, 0.002713044731654741, 0.010814784153220831, 0.07656628476441216, 0.10567068643071546, 0.0022035539535530057, 0.11930732270860854
0.09166446827122605, 0.0356519533888305, 0.01623766247231617, 0.08489747178722395, 0.10069449822375916, 0.053322244745760326, 0.016959625209499122, 0.10203795173634454, 0.008392621397066397, 0.05185551742300379, 0.018719054022389638, 0.07206955623659553, 0.11146104952320784, 0.013756656623817948, 0.002713044731654741, 0.010814784153220831, 0.07656628476441216, 0.10567068643071546, 0.0022035539535530057, 0.11930732270860854
0.05492529732978562, 0.0978085492193252, 0.08847503079682276, 0.036868959492081216, 0.06752712549744552, 0.11229627313484654, 0.02452869119314448, 0.05851285911621705, 0.045964180406513885, 0.06390091113489922, 0.09372912839011319, 0.08841035910555722, 0.01021051644225441, 0.05380960989214798, 0.01696610228793946, 0.08133926380856225, 0.08242537391899425, 0.013919365650566617, 0.08348990183975816, 0.10182362498278362
0.4, 0.02, 0.01, 0.13, 0.001, 0.001, 0.001
0.0001, 0.01, 0.1, 0.13, 0.1, 0.001, 0.01
0.01, 0.1, 0.1, 0.13, 0.001, 0.001, 0.001
0.0001, 0.001, 0.1, 0.13, 0.1, 0.001, 0.02
0.01, 0.1, 0.1, 0.13, 0.001, 0.001, 0.001
0.05, 0.05, 0.02, 0.1, 0.1, 0.001, 0.02
0.001, 0.01, 0.01, 0.13, 0.001, 0.001, 0.001 
0.09, 0.04, 0.02, 0.08, 0.1, 0.05, 0.02 
0.01, 0.1, 0.1, 0.13, 0.001, 0.001, 0.01 
0.05, 0.05, 0.02, 0.1, 0.001, 0.001, 0.02
0.01, 0.1, 0.1, 0.13, 0.1, 0.001, 0.01 
0.01, 0.1, 0.1, 0.13, 0.001, 0.001, 0.01
0.01, -0.023, 0.014
0.1, 0.23, 0.14
0.01, -0.023, 0.014
0.1, 0.23, 0.14
0.01, -0.023, 0.014
0.1, 0.23, 0.14
0.15, 0.1, -0.2, 0.2
0.3, -0.16, 0.19, 0.1
0.15, 0.1, -0.2, 0.2, 0.24 
0.15, 0.1, -0.2, 0.2, 0.24
0.3, -0.16, 0.19, 0.1
0.3, -0.16, 0.19, 0.1
-0.23, 0.14, -0.16, 0.25
-0.23, 0.14, -0.16, 0.25
0.3, -0.16, 0.19, 0.1
0.15, 0.1, -0.2, 0.2
0.0748694720729374, 0.10722312911353696, 0.10048863564864655, 0.19023421989454908, 0.12866722026774252, 0.15581405159243678, 0.10318012459151804, 0.17654581992166515, 0.0950162374861387, 0.013429583911547228
0.15915564675150698, 0.06838419309612005, 0.08713931799899062, 0.03420788287531991, 0.19193546776397716, 0.1645679165563845, 0.11825376898439453, 0.08268541006552454, 0.09108397458536976, 0.19450966048084117
0.18312082986653486, 0.05942653049361657, 0.0833096246529491, 0.04562776643822919, 0.02924320482471825, 0.022080863533522146, 0.0768182326702557, 0.1451113207102178, 0.19235284394681268, 0.14535615194834176
0.15298059328586808, 0.011887352277476726, 0.13425617485227898, 0.12827243188941434, 0.0769295137607362, 0.18548699694241413, 0.1891575551509096, 0.006923345779840374, 0.16616899563532236, 0.10636044917793462
0.1974139685266281, 0.09341543095257954, 0.08241749880184315, 0.05607122134532037, 0.11547492459644389, 0.09110713868524763, 0.19221273564912134, 0.13072137947255535, 0.04032475740338548, 0.1715282173060204
0.1207017545027211, 0.06183856909277228, 0.12096118941544082, 0.030664772637524186, 0.0678837507225897, 0.11113348090002091, 0.067230980040403, 0.022561816767407053, 0.010525511585783565, 0.09029264357730211
0.012441073925991053, 0.19527360885284023, 0.050933071535822695, 0.1943513997754114, 0.15662944126641745, 0.05629960648050441, 0.031197257904713106, 0.003806111898113307, 0.05770416719203402, 0.03556226292588789
0.09878254557897855, 0.1510783968144893, 0.045927906869218466, 0.084680912742167, 0.010934820459100792, 0.05920391746662779, 0.004694065860384056, 0.1435161947907954, 0.12400632307114455, 0.0553381844073261
0.05788339068288502, 0.08640397620229233, 0.01703542193402947, 0.19035332182572817, 0.17026016023491433, 0.1221827005927116, 0.041331348946903185, 0.07776857329197591, 0.02034687323445741, 0.04798494636282569
0.15386789970844228, 0.011452620567793526, 0.10130398345463283, 0.04309127471778536, 0.04978882371045956, 0.1743893732831077, 0.07929579527742803, 0.0224019762576956, 0.17554921546727195, 0.0200483943838351
0.13135982847805724, 0.17463541425955062, 0.19132460423160463, 0.019385563512182527, 0.016881368035883804, 0.1675493413576562, 0.060036096578527376, 0.08008168507647498, 0.15468136524537013, 0.08432226974643892
0.11448258212328835, 0.0718321713731331, 0.06965647930439671, 0.11026026280625073, 0.17899945151758212, 0.055408094056449, 0.037148563863960996, 0.012690743699104168, 0.04412186147581135, 0.17161944174749472
0.11004739345791013, 0.10925829481430337, 0.0632349027453175, 0.18815252036083382, 0.16211659255878352, 0.13550578617591166, 0.11875602298885504, 0.06920701933533839, 0.13337687924426597, 0.16774924408861158
0.030037172209876162, 0.09629541073977665, 0.10207552303118538, 0.14201609256906741, 0.14358671376046306, 0.11654214017855272, 0.07288514874437649, 0.026628235392696056, 0.18552560002555482, 0.14217329649570495
0.026967735886838807, 0.15927529094487483, 0.14928904767003034, 0.19593315803130987, 0.17415243025403426, 0.07610140653080066, 0.13537615402058903, 0.10781093894866577, 0.04074574192288634, 0.03762297356695641
0.10518152182339689, 0.05682883115379944, 0.16096497438854873, 0.17102411182557667, 0.1455497248261184, 0.1791248355808655, 0.05382980619701146, 0.03853404822109823, 0.16568152997013402, 0.13467207345180296
0.098732978125418, 0.15101683971930457, 0.06525425751875262, 0.0065945770751241195, 0.12633355726373413, 0.14462312458394608, 0.05224852579548678, 0.04295629856812016, 0.04320226095648852, 0.18766891101984937
0.0876887795196377, 0.11917765069978786, 0.18395099268935222, 0.07424252429826309, 0.15230777463652878, 0.027589727855043655, 0.00042860429604094644, 0.0826671005239189, 0.16605186640851077, 0.16407742093872987
0.016804855034577827, 0.014607186401482508, 0.1094146653212699, 0.1082983797695581, 0.11855483824387054, 0.18641598798118664, 0.03909675036096971, 0.07998309909603332, 0.031394276204660246, 0.14896899500867491
0.0906946390839051, 0.060309790363088346, 0.011581829355199226, 0.1832270286543778, 0.0038191430020316553, 0.11868891350937823, 0.17713337387282416, 0.1798110180789696, 0.1071844370980965, 0.14859405140126025
0.02428137380761615, 0.02825600706473228, 0.045213732309129, 0.033377289003827325, 0.002585163943544933, 0.05047994028749097, 0.15941955871746757, 0.03402020249364137, 0.12943839163805457, 0.12633332004127093
0.06852007184513682, 0.1407105065367534, 0.030010846715254738, 0.051847049817429894, 0.07541352302617776, 0.14164299055482055, 0.18184501822001764, 0.04115622085982571, 0.18270680804124037, 0.06966881778612843
0.18099390594042766, 0.004780693807991354, 0.11867202197400756, 0.1734491265140315, 0.15996416962922858, 0.018028233682281902, 0.027247973052837906, 0.046137822738774675, 0.04680831555799941, 0.019305381927527065 
0.07793140939065331, 0.09697353701033712, 0.04989852551459317, 0.1209943183235801, 0.16351934457692954, 0.11546664462388066, 0.14976316206689735, 0.05024514819532582, 0.08365870713318589, 0.16624563984228094
0.13686606238032137, 0.15522540225381076, 0.1292616528615772, 0.042647088320837925, 0.02148116213738656, 0.06680587617562637, 0.16480180523815402, 0.022002210637562605, 0.01655911469524036, 0.1134401519700107
0.007574030967301382, 0.1769702219965582, 0.13155680032699882, 0.1624848120466612, 0.06599484177996744, 0.0399285805548352, 0.026807156944446575, 0.11287898643983141, 0.15374182863490693, 0.09160694906692801
0.15145396396408298, 0.1674707834877796, 0.08651581702592148, 0.175721891545004, 0.14357867251992926, 0.17272538394270215, 0.06327861893043281, 0.13892808354781758, 0.10295655086108638, 0.1180315317573984
0.12834469584519978, 0.08695710138682161, 0.1465300541472325, 0.07203638404371744, 0.06727961295979956, 0.19864420147650572, 0.046380007167431764, 0.005049625511703338, 0.164478714752737, 0.04871588975231614
0.08662077485421647, 0.13061826031536325, 0.009997471003721281, 0.07458151680358181, 0.1342758354293629, 0.1428717998543586, 0.06333826292707471, 0.09994772879114472, 0.05639325696098161, 0.07868836138897667 
0.06174468186541893, 0.017619483474585373, 0.005318575254321712, 0.05983249404265072, 0.09657642103991187, 0.028071809835101803, 0.13545257006700828, 0.021092521988952884, 0.12620232461230016, 0.04399998771625793 
0.10847425040730783, 0.09702381219280268, 0.15038911681163167, 0.12142125597505149, 0.054139599056309586, 0.03593445824814989, 0.17254832742375792, 0.1846024103140983, 0.023289322433767093, 0.14658522328032167
0.09203114377194666, 0.06167388718298057, 0.0680651938204212, 0.044462214603000066, 0.14607969765605786, 0.003357517106477981, 0.07664235403443723, 0.060001852241403954, 0.15070226464809622, 0.013326002895952094
0.05553281719110135, 0.18272317847730457, 0.03211504412678547, 0.008277101632662265, 0.04312087989589646, 0.03384351845088851, 0.13030584930694558, 0.06176901868498872, 0.08046358032371866, 0.021553031705724247
0.05037553891759819, 0.15874056114029306, 0.062383916230996664, 0.1810541791337251, 0.1536697014512036, 0.04867158172654149, 0.06281087917557455, 0.1409684753733067, 0.19371333394691911, 0.1446741812698975
0.08192668549649965, 0.16425290895353387, 0.19595399753206758, 0.12125789773398957, 0.11660450405262933, 0.1598099196659524, 0.019223861183724725, 0.1685394153338383, 0.06253771746758544, 0.18693954597265208
0.10821962113169731, 0.1087307901976291, 0.09932342626982299, 0.09035802398757786, 0.13713825063734944, 0.12880903186466766, 0.055625082055692436, 0.004883784258104141, 0.12503700771490628, 0.03540127514534321
0.16591024847048286, 0.13326010967253618, 0.08073915197921817, 0.03638503261482236, 0.10468876443246573, 0.1034282487126405, 0.009118239063474354, 0.15023848500246587, 0.11654893214534141, 0.18692969875800775
0.02696988383601715, 0.18453970347048487, 0.16480490686717483, 0.1949181641746217, 0.10527692454604859, 0.13616174041490733, 0.1327209545989954, 0.07926672205135304, 0.11558100259875792, 0.13398551323090582
0.1708361856830734, 0.08414046831208942, 0.16727665303809797, 0.07162331163334486, 0.07872352438121427, 0.03337383253689568, 0.019683490340315624, 0.022353641513491687, 0.10889310095720395, 0.06126102713875497
0.023107862941357096, 0.14485392104005831, 0.07493997858750255, 0.08245029205478603, 0.054368377826568004, 0.1286490978903194, 0.16451745238956006, 0.10332075768152382, 0.008836799550512154, 0.17522133722377364
