1.0, 2.5, 1.5
10.0, 12.5, 5.0
10.0, 25.0, 150.0
100.0, 125.0, 50.0
1446.8807772707812
1664.3875522050262
1446.8807772707812, 2639.4621738973487, 407.1784288093156, 267.74578080159006, 1888.5130458231, 1108.3216842595073, 179.0757793119146, 2887.014029830422, 838.205848669614, 851.1214311845836
2844.6714084031582, 2362.7931256958814, 86.72029956691645, 1192.2413361662052, 1664.3875522050262, 1577.267472751849, 2544.216722977398, 1635.4497766384306, 723.3219344491959, 814.4862693231726
1446.8807772707812, 2639.4621738973487, 407.1784288093156, 267.74578080159006, 1888.5130458231, 1108.3216842595073, 179.0757793119146, 2887.014029830422, 838.205848669614, 851.1214311845836,2382.0253293043693, 2950.2734951440143, 99.74142590254874, 985.901372557531, 1916.6909440452869, 437.965878722804, 845.7112199622285, 653.0429942287378, 1822.3657035371727, 779.2088014230316
1446.8807772707812, 2639.4621738973487, 407.1784288093156, 267.74578080159006, 1888.5130458231, 1108.3216842595073, 179.0757793119146, 2887.014029830422, 838.205848669614, 851.1214311845836,2382.0253293043693, 2950.2734951440143, 99.74142590254874, 985.901372557531, 1916.6909440452869, 437.965878722804, 845.7112199622285, 653.0429942287378, 1822.3657035371727, 779.2088014230316
1446.8807772707812, 2639.4621738973487, 407.1784288093156, 267.74578080159006, 1888.5130458231, 1108.3216842595073, 179.0757793119146, 2887.014029830422, 838.205848669614, 851.1214311845836,2382.0253293043693, 2950.2734951440143, 99.74142590254874, 985.901372557531, 1916.6909440452869, 437.965878722804, 845.7112199622285, 653.0429942287378, 1822.3657035371727, 779.2088014230316,581.2027686821007, 1815.9187300254766, 1311.4166583219387, 2443.2025230032195, 1532.5820911560538, 508.4124495572028, 835.1435219895532, 1925.005157466718, 2645.0861896883625, 2544.3924064712646
2844.6714084031582, 2362.7931256958814, 86.72029956691645, 1192.2413361662052, 1664.3875522050262, 1577.267472751849, 2544.216722977398, 1635.4497766384306, 723.3219344491959, 814.4862693231726,72.18108854434553, 2242.391924907258, 1100.3220611580196, 1565.6330440636243, 2634.7004270091243, 2217.0023830526097, 410.5801951490462, 2221.011257653456, 2510.771322539859, 1882.2957149724734,291.3366523180793, 636.2730760912954, 932.9536947831627, 1188.3795970980975, 528.1861207574482, 698.1611316343392, 181.194755540776, 154.93485637314217, 2115.6392583141487, 97.90442428161028
1446.8807772707812, 2639.4621738973487, 407.1784288093156, 267.74578080159006, 1888.5130458231, 1108.3216842595073, 179.0757793119146, 2887.014029830422, 838.205848669614, 851.1214311845836,2382.0253293043693, 2950.2734951440143, 99.74142590254874, 985.901372557531, 1916.6909440452869, 437.965878722804, 845.7112199622285, 653.0429942287378, 1822.3657035371727, 779.2088014230316,581.2027686821007, 1815.9187300254766, 1311.4166583219387, 2443.2025230032195, 1532.5820911560538, 508.4124495572028, 835.1435219895532, 1925.005157466718, 2645.0861896883625, 2544.3924064712646,2465.8324288357608, 148.17875763407426, 1163.8148557071922, 580.4221582658944, 1408.628807244671, 959.1816170277203, 366.14924540852485, 953.7898792698252, 1414.6108367092013, 2347.3569528466523
2844.6714084031582, 2362.7931256958814, 86.72029956691645, 1192.2413361662052, 1664.3875522050262, 1577.267472751849, 2544.216722977398, 1635.4497766384306, 723.3219344491959, 814.4862693231726,72.18108854434553, 2242.391924907258, 1100.3220611580196, 1565.6330440636243, 2634.7004270091243, 2217.0023830526097, 410.5801951490462, 2221.011257653456, 2510.771322539859, 1882.2957149724734,291.3366523180793, 636.2730760912954, 932.9536947831627, 1188.3795970980975, 528.1861207574482, 698.1611316343392, 181.194755540776, 154.93485637314217, 2115.6392583141487, 97.90442428161028,2406.509323375791, 1573.9823877533859, 880.4397571185691, 105.9753233419874, 1958.316098823102, 631.5376733877569, 2068.589779238501, 1184.6204581726045, 2838.109082618208, 1466.685976185153
745.6139563580242, 600.7515990803167, 686.0916246433663, 766.8339864403408, 73.44698985704969, 441.81076644883865, 816.6089697360279, 946.0679548620658, 114.24934365059991, 756.111880756172, 488.22255352895706, 608.1070596521189, 83.47979610926113, 697.3979843334797, 742.4632902033618, 346.2641419384854, 835.9845645209339, 484.83767246291916, 213.42016635288502, 806.3763745654259
745.6139563580242, 600.7515990803167, 686.0916246433663, 766.8339864403408, 73.44698985704969, 441.81076644883865, 816.6089697360279, 946.0679548620658, 114.24934365059991, 756.111880756172, 488.22255352895706, 608.1070596521189, 83.47979610926113, 697.3979843334797, 742.4632902033618, 346.2641419384854, 835.9845645209339, 484.83767246291916, 213.42016635288502, 806.3763745654259
1470.9880975117171, 1119.3749518289553, 1563.729410429517, 1867.5040010464927, 1000.8307052580309, 1143.377523542737, 1084.523912771974, 1945.1834384852355, 1886.4778263512198, 1275.2577248591142, 1132.547608705486, 1067.9099182445893, 1475.2240397225626, 1609.9285109977977, 1314.2061472155506, 1754.789562786595, 1413.9370400368975, 1537.8622894743157, 1177.131097490569, 1550.6287636666127
1470.9880975117171, 1119.3749518289553, 1563.729410429517, 1867.5040010464927, 1000.8307052580309, 1143.377523542737, 1084.523912771974, 1945.1834384852355, 1886.4778263512198, 1275.2577248591142, 1132.547608705486, 1067.9099182445893, 1475.2240397225626, 1609.9285109977977, 1314.2061472155506, 1754.789562786595, 1413.9370400368975, 1537.8622894743157, 1177.131097490569, 1550.6287636666127
2433.8384621419746, 2875.846178724192, 2637.3072142355327, 2119.550301894331, 2792.771494677966, 2840.26800250422, 2613.0504306553603, 2634.0052902109387, 2527.2222922523124, 2732.324269636176, 2586.678494286714, 2927.4022059689205, 2258.0455550742568, 2556.5032950082978, 2455.1405349558854, 2062.3319534532216, 2915.628820850841, 2467.9470294409957, 2594.9522833439037, 2182.132555135978
2433.8384621419746, 2875.846178724192, 2637.3072142355327, 2119.550301894331, 2792.771494677966, 2840.26800250422, 2613.0504306553603, 2634.0052902109387, 2527.2222922523124, 2732.324269636176, 2586.678494286714, 2927.4022059689205, 2258.0455550742568, 2556.5032950082978, 2455.1405349558854, 2062.3319534532216, 2915.628820850841, 2467.9470294409957, 2594.9522833439037, 2182.132555135978
2433.8384621419746, 2875.846178724192, 2637.3072142355327, 2119.550301894331, 2792.771494677966, 2840.26800250422, 2613.0504306553603, 2634.0052902109387, 2527.2222922523124, 2732.324269636176, 2586.678494286714, 2927.4022059689205, 2258.0455550742568, 2556.5032950082978, 2455.1405349558854, 2062.3319534532216, 2915.628820850841, 2467.9470294409957, 2594.9522833439037, 2182.132555135978
745.6139563580242, 600.7515990803167, 686.0916246433663, 766.8339864403408, 73.44698985704969, 441.81076644883865, 816.6089697360279, 946.0679548620658, 114.24934365059991, 756.111880756172, 488.22255352895706, 608.1070596521189, 83.47979610926113, 697.3979843334797, 742.4632902033618, 346.2641419384854, 835.9845645209339, 484.83767246291916, 213.42016635288502, 806.3763745654259
745.6139563580242, 600.7515990803167, 686.0916246433663, 766.8339864403408, 73.44698985704969, 441.81076644883865, 816.6089697360279, 946.0679548620658, 114.24934365059991, 756.111880756172, 488.22255352895706, 608.1070596521189, 83.47979610926113, 697.3979843334797, 742.4632902033618, 346.2641419384854, 835.9845645209339, 484.83767246291916, 213.42016635288502, 806.3763745654259
2433.8384621419746, 2875.846178724192, 2637.3072142355327, 2119.550301894331, 2792.771494677966, 2840.26800250422, 2613.0504306553603, 2634.0052902109387, 2527.2222922523124, 2732.324269636176, 2586.678494286714, 2927.4022059689205, 2258.0455550742568, 2556.5032950082978, 2455.1405349558854, 2062.3319534532216, 2915.628820850841, 2467.9470294409957, 2594.9522833439037, 2182.132555135978
140.61, 116.75, 16.09, 217.83,21.45, 2551.81, 416.61
2174.61, 1560.75, 1168.09, 176.83,170.45, 514.81, 116.61
2140.61, 1760.75, 1916.09, 2017.83,217.45, 151.81, 16.61
1174.61, 2160.75, 168.09, 176.83,17.45, 14.81, 116.61
214.61, 760.75, 916.09, 1017.83,2170.45, 514.81, 2516.61
174.61, 160.75, 168.09, 176.83,17.45, 14.81, 116.61
1440.61, 116.75, 316.09, 217.83,21.45, 551.81, 116.61
745.61, 600.75, 686.09, 766.83, 73.45, 441.81, 816.61
214.61, 60.75, 16.09, 117.83,2170.45, 1514.81, 516.61
174.61, 160.75, 168.09, 176.83,17.45, 14.81, 116.61
214.61, 160.75, 1168.09, 1176.83,2170.45, 1514.81, 16.61
214.61, 760.75, 916.09, 1017.83,2170.45, 1514.81, 516.61
500.0, 600.0, 400.0
10.0, 12.5, 5.0
500.0, 600.0, 400.0
400.0, 600.0, 300.0
1.0, 2.5, 1.5
400.0, 600.0, 300.0
23.0, 100.0, 250.0, 520.0
2356.0, 2600.0, 2706.0, 2990.0
23.0, 100.0, 250.0, 520.0, 800.0
23.0, 100.0, 250.0, 520.0, 800.0
2356.0, 2600.0, 2706.0, 2990.0
2356.0, 2600.0, 2706.0, 2990.0
1196.0, 1495.0, 1685.0, 2000.0
1196.0, 1495.0, 1685.0, 2000.0
2356.0, 2600.0, 2706.0, 2990.0
23.0, 100.0, 250.0, 520.0
2560.467038592455, 2555.69853610531, 2170.4185716880684, 712.6323984340421, 2042.7145182679499, 1606.8527298301, 809.7352345488551, 412.2829280323515, 2209.6491009955394, 269.75194235911636
74.02594053503537, 546.4668374008178, 2257.699913976588, 1139.148262909145, 1829.031104954046, 1426.859567155081, 1656.177587465233, 1795.6910714544508, 1470.2645876949505, 1446.169979275811
564.9876844183119, 2075.7632206093826, 2329.4332135819627, 1094.3567435153934, 1918.2066789191715, 2570.18119648117, 415.85912086749505, 155.27273967617245, 2055.4395049792083, 2699.8151183191067
2761.7893024837695, 892.5112101082317, 1765.4461830031496, 196.0586049864652, 689.6098600991589, 404.71525743569026, 2551.017164994292, 2447.773986360451, 1534.2478369974071, 167.8771698768071
1499.6994757575521, 2451.797555037351, 1791.8749584615507, 1079.5838168243076, 916.1564471671782, 1439.6250843517946, 2497.5425276531887, 1077.471952070669, 2590.534358486529, 2498.146833475658
950.2192175276828, 2468.2903447945473, 1897.4746717624319, 1279.943352196543, 2002.3544650240506, 218.8826573794319, 2021.9838361131008, 1010.3507235814673, 677.0595715328047, 1767.9224243518859
2101.519821475321, 2399.7316650484568, 2424.2133503418504, 1065.2165716363118, 2847.3883261084325, 1052.408161283254, 869.8346817944356, 728.5664816479747, 1727.0531116564634, 1998.873534518159
2368.0973848671315, 2612.704207571747, 2185.8190984478947, 859.4515584673991, 2102.911555452138, 1934.4342386350243, 1781.5809783751931, 699.3126652703143, 297.3295424844445, 1541.2164758015224
1412.1087441431405, 2459.200769826677, 1178.5438835484558, 1345.8633525800576, 2728.1966695744864, 2731.375706819568, 564.6692860983271, 2429.675988253139, 2174.5722418208484, 2295.4985206059628
771.8414625513888, 2220.3072638192475, 38.880226234702285, 2207.9263677450544, 90.96651477250269, 1845.6653558307694, 2889.0698209130956, 461.78935523942533, 203.08269428204827, 2283.755588794549
1104.1098317538488, 2545.8171780991015, 2604.8956520525644, 1479.0896439143428, 1815.2498011835912, 1530.1275848191203, 2756.190270152628, 21.604442773614164, 1394.139266850162, 665.8255987517872
 232.17853578867192, 931.5545373846732, 1253.5018892797477, 1386.7378632680416, 2922.428791723936, 390.9998611511652, 2119.8038546047733, 1680.846108999038, 2629.8035828640027, 1982.733836729973
 715.5790285995809, 424.1755877774746, 8.48150981213499, 2902.3452460038743, 1335.2625657228093, 399.34811606048174, 83.53420629568801, 2066.8405686656433, 108.88346646781827, 323.1658919870918
 2900.427775024957, 1463.300368599643, 92.8510181792204, 1095.2064634814692, 2471.631511322389, 1131.8655082488444, 1151.1779466694402, 1555.0838890537555, 564.611507788243, 435.5142884226478
1609.7571837799658, 852.06470215253, 1163.8245355543079, 817.7580351215448, 923.3856507011112, 2999.664096554769, 699.7651735706112, 2938.5664566883925, 569.7335562184655, 834.990819948947
1608.9481503627255, 2436.4769785464355, 1035.697926899701, 2031.4803609029402, 2626.482965857201, 1306.1792494335857, 2365.991918176047, 1134.9953668585702, 1217.6332427271034, 2995.6580550186823
148.11613135258403, 2409.520849116555, 920.6157423352347, 432.4813031083, 211.34334508565564, 2422.943345170964, 2066.0287141504286, 1435.9258005952295, 973.1154397084558, 2090.272089501032
987.3321028392185, 756.0390991685648, 439.0767045290294, 1433.463875113486, 1223.2629266406072, 248.78544517856295, 945.7061339592719, 2920.9307050708, 2155.9914794163656, 246.85574674293102
1961.271387073151, 98.34856128453126, 1856.422330222935, 1224.4384779748025, 2914.125475925394, 2202.4191601623, 1355.6096862005688, 2393.9048311874903, 1775.0633748811513, 2361.33893114899
2742.205025072707, 1971.705943573378, 2387.6376422235253, 751.1978706706512, 1520.8570088990073, 2085.25781000157, 1685.8815507687323, 1230.268289059715, 1559.938290915344, 728.1550584802178
508.7721706878769, 462.6145747361929, 2767.2685755881903, 917.1082914093514, 2034.8296811287807, 1992.844127047324, 7.149032654073086, 97.69411273897916, 535.7987599777038, 695.4242332170601
1178.369277793594, 377.3752103381968, 2424.1490198827287, 832.968174970469, 1443.8810016645502, 1308.4666051641373, 107.91759846324337, 1266.1217976679443, 1004.7878918742135, 2404.016929433115
1817.2501227763846, 1987.633213867037, 2655.8684182527813, 2143.0323784368725, 1670.2035644379707, 2646.8845018467414, 2368.2872002081785, 1049.1219941651789, 2431.1016964790138, 428.5032783467368
903.6950556361919, 611.9819253712361, 652.6310346087133, 2875.8357779553858, 1760.6721218383714, 1594.9157193200729, 895.0017927998887, 450.245829028163, 2416.8894062190425, 2718.976950005504
2754.957144344236, 947.1004829469139, 2983.190473444945, 738.3111854310519, 333.9988056637855, 1199.4533254730634, 1590.5825558193917, 2323.8676700079754, 2135.185943532133, 2261.514565513485
1914.4485748685554, 490.385313431612, 1514.188250925617, 873.4872337393173, 1453.182699816032, 1250.1952567008996, 1293.0969705785217, 2174.6481075687275, 2935.0721281315864, 2082.122666313924
985.4253310302437, 1383.697123616346, 2507.4198024535026, 1734.2463896080153, 1935.6716760759255, 524.2501183071181, 2596.9454574314086, 694.694149139323, 505.87538907963557, 354.29789017505414
1051.313253635015, 1454.2249062831042, 2951.2242492888445, 17.858534030070665, 669.0756688421914, 1803.7214153630532, 1550.3086153505371, 2179.5935541798467, 439.31803322196305, 2717.058884202516
1538.5634901966791, 2560.8520149479377, 112.4054845948433, 733.3353851900255, 781.3272330615362, 1917.3102078012619, 719.7684728916261, 1389.0629090788411, 1139.7804780890701, 2936.5393809374327
2639.3405514535852, 1491.6633127536622, 1334.5857367926612, 785.6740302315985, 1541.3875431723595, 2730.1678613811896, 2875.7076179005667, 2647.5090159287943, 129.07593726558207, 2395.167889507524
602.464643366993, 2835.9506938405284, 427.80257157225475, 2434.7487640236095, 1537.2470948957157, 1149.2982699023962, 1505.921864178342, 2852.8272099082674, 431.04395451607485, 877.0692870781708
112.90562208877924, 1509.436713358321, 2340.4409417962447, 1487.4541814402635, 1365.3953661135427, 659.7510954127875, 1126.1938711568173, 1091.12086732064, 2141.4436360110185, 1078.261938942033
1329.72140010093, 2157.8423127689225, 1157.0861365188562, 2296.193639299016, 516.6244315670324, 2583.6073898568766, 621.6686331454624, 2081.753162700848, 1216.3485330023086, 63.17645989875357
2053.2686412294224, 2216.5028443252286, 146.95797236111798, 2987.9572176866586, 551.0337837829665, 2779.8965906127523, 2457.3717395221142, 2758.5778176981325, 1967.348362441945, 354.9448452256605
756.349861407409, 2068.513187806679, 490.40081609796664, 1014.912494786609, 541.0290236143825, 1958.3082737931063, 454.3355440804308, 1209.4314976559685, 2030.0817794026939, 2747.0478969146957
2021.0202072583877, 2266.687793188665, 2636.7583125484985, 548.2810372633631, 3.9507816358356633, 709.7762660917534, 1396.3642877162995, 1701.0435625777998, 2962.903534023725, 2695.6171032721804
2709.976863893636, 758.2338889774913, 46.12724223306822, 1507.198292144729, 2494.191019653851, 2952.784294167806, 1188.1376722781822, 2922.2858650333546, 631.6104524979685, 199.6057128319618
425.2397596458375, 59.796721305090735, 1644.744588233801, 2626.9830127652053, 584.0910869765427, 1609.4157593424368, 2140.8371295010597, 2450.7766878492694, 2893.051533904241, 782.1445429423345
1022.9054282185689, 1996.4516629647405, 1814.0574051820415, 96.9710074575714, 2180.4172944883753, 262.95469487911504, 886.3855589188499, 795.2907879739937, 2212.6307169194138, 198.305112626424
470.25603454786255, 379.1759794718806, 2578.6503656433106, 27.31683786706702, 973.5447074993458, 375.9825148931082, 2626.277176123753, 2420.034751496763, 209.48105101366886, 2103.329394346464
